SCMBranch=Butler
SCMRepository=Butler/Microsoft/Web/Scanware/Scanware/Views/Shipping
SCMMainlineUUID={13f5ad7f-02f0-4f00-a01b-115010754340}
SCMBranchRepositoryID=2010
CheckInOutTruck.cshtml;243178838;11;1685040406;|20548|203933
CoilReauthorization.cshtml;2684924748;1;1685040406;|29862|164805
EmailPaperwork.cshtml;2765797575;1;1685040406;|26908|158039
GetDriverSignature.cshtml;1650097851;1;1685040406;|20549|134365
Index.cshtml;1990959260;3;1685040406;|20550|144143
LoadDetails.cshtml;2106634471;3;1685040406;|26909|199035
LoadRail.cshtml;453780507;4;1685040406;|20551|219491
LoadTruck.cshtml;2255607577;9;1685040406;|20552|219493
LoadTruckButler.cshtml;1214660451;17;1685040407;|22814|264105
OPReturnValidate.cshtml;3243315541;2;1685040407;|29982|219495
OPReturnValidateCoil.cshtml;3430552657;1;1685040407;|29983|167761
PrintRailLoads.cshtml;1551633738;1;1685040407;|20553|134369
ShipOPCoils.cshtml;716682585;5;1685040407;|20554|203603
VerifiedCoilsPartial.cshtml;3277699;4;1685040407;|22815|262373
ViewSchedule.cshtml;3840993241;2;1685040407;|22816|201320
ViewShipmentLoadImage.cshtml;1524616661;1;1685040408;|20555|134371
LoadRailButler.cshtml;4288828907;20;1686591730;|29856|265433
