SCMBranch=Butler
SCMRepository=Butler/Microsoft/Web/Scanware/Scanware/Content/themes/base
SCMMainlineUUID={13f5ad7f-02f0-4f00-a01b-115010754340}
SCMBranchRepositoryID=1989
jquery-ui.css;1786452278;1;1685040280;|20233|134049
jquery.ui.accordion.css;1865329696;1;1685040280;|20234|134050
jquery.ui.all.css;3293633103;1;1685040280;|20235|134051
jquery.ui.autocomplete.css;3766157463;1;1685040280;|20236|134052
jquery.ui.base.css;3552775656;1;1685040280;|20237|134053
jquery.ui.button.css;1566857541;1;1685040281;|20238|134054
jquery.ui.core.css;1661887570;1;1685040281;|20239|134055
jquery.ui.datepicker.css;2614294732;1;1685040281;|20240|134056
jquery.ui.dialog.css;4251803455;1;1685040281;|20241|134057
jquery.ui.progressbar.css;2840886697;1;1685040281;|20242|134058
jquery.ui.resizable.css;1582230040;1;1685040281;|20243|134059
jquery.ui.selectable.css;2346644806;1;1685040281;|20244|134060
jquery.ui.slider.css;1410834311;1;1685040281;|20245|134061
jquery.ui.tabs.css;3384151994;1;1685040281;|20246|134062
jquery.ui.theme.css;1306448088;1;1685040281;|20247|134063
