SCMBranch=Butler
SCMRepository=Butler/Microsoft/Web/Scanware/Scanware/Views/Coil
SCMMainlineUUID={13f5ad7f-02f0-4f00-a01b-115010754340}
SCMBranchRepositoryID=2004
DeleteCoilYard.cshtml;2315198007;1;1685040396;|20528|134344
DeleteCoilYardSubmit.cshtml;829906298;1;1685040396;|20529|134345
Index.cshtml;1687076470;12;1685040396;|20530|219479
LineProduction.cshtml;2974607924;6;1685040396;|20531|187953
MoveCoil.cshtml;288642639;10;1685040396;|20532|231524
MoveCoilButler.cshtml;2510572939;3;1685040396;|29989|219481
Packaging.cshtml;4038908237;5;1685040396;|20533|219482
PrintLabel.cshtml;2639515252;3;1685040396;|20534|219483
Schedule.cshtml;2830697902;3;1685040396;|20535|137945
ViewCoilImage.cshtml;868870751;1;1685040396;|20536|134352
ViewGalvSchedule.cshtml;1131091403;1;1685040396;|22811|143965
ViewRevMillSchedule.cshtml;1844713058;1;1685040396;|22812|143966
ViewTempMillSchedule.cshtml;4190163916;1;1685040396;|22813|143967
