SCMBranch=Butler
SCMRepository=Butler/Microsoft/Web/Scanware/Scanware/Models
SCMMainlineUUID={13f5ad7f-02f0-4f00-a01b-115010754340}
SCMBranchRepositoryID=1997
AccountModels.cs;4203907451;1;1685040300;|20435|134251
AdminModel.cs;4051221255;2;1685040300;|20436|231119
CoilModel.cs;2116327840;9;1685040300;|20437|231120
HomeModel.cs;1596735313;5;1685040300;|20438|184076
InventoryModel.cs;3515225597;1;1685040300;|22805|143677
KioskModel.cs;3670460145;1;1685040300;|42902|201932
PaintModel.cs;1227682908;3;1685040300;|20439|200619
Schedules.cs;3175001711;1;1685040300;|22806|143678
ShippingModel.cs;648453227;26;1685040300;|20440|262349
WarehouseModel.cs;2239409757;1;1685040300;|49798|219413
ZincModel.cs;2775721350;1;1685040300;|37713|184456
