SCMBranch=Butler
SCMRepository=Butler/Microsoft/Web/Scanware/Scanware/Data
SCMMainlineUUID={13f5ad7f-02f0-4f00-a01b-115010754340}
SCMBranchRepositoryID=1994
all_produced_coils.cs;1091591689;8;1685040283;|20294|243077
application.cs;3758593548;7;1685040283;|20295|219429
application_login.cs;3111053074;1;1685040283;|20296|134112
application_security.cs;380802718;2;1685040283;|20297|219430
application_settings.cs;64191420;1;1685040284;|42860|201251
ba_coil_product_data.cs;2921734854;3;1685040284;|20298|153745
carrier.cs;2435358368;5;1685040284;|20299|235411
claim_reason.cs;4148923169;3;1685040284;|20300|243078
Class1.cs;4256471536;1;1685040284;|37703|184110
Class2.cs;3008921799;1;1685040284;|37704|184111
coil.cs;1731772873;7;1685040284;|20301|243079
coil_audit_trail.cs;314986376;3;1685040284;|20302|179592
coil_defect.cs;804454063;4;1685040284;|20303|243080
coil_reauthorization.cs;3694201505;1;1685040284;|29921|167213
coil_status.cs;3696180535;2;1685040284;|20304|243081
coil_yard_bays.cs;1510506615;1;1685040284;|21775|136810
coil_yard_columns.cs;742742746;1;1685040284;|20305|134121
coil_yard_locations.cs;2420471793;3;1685040284;|20306|179594
coil_yard_rows.cs;1388292236;4;1685040284;|20307|235413
CoilsInLocation.cs;2929541382;4;1685040284;|22799|262344
ContextHelper.cs;2973699080;1;1685040284;|20293|134109
cs_change_coil_status_Result.cs;2830354249;1;1685040284;|20308|134124
customer.cs;67442324;8;1685040284;|20309|235414
customer_order.cs;774366599;2;1685040284;|20310|153753
customer_order_line_item.cs;641663998;11;1685040284;|20311|243082
customer_ship_to.cs;3913690835;7;1685040284;|20312|235416
finish_line_setup.cs;3063420265;7;1685040284;|20313|235417
from_freight_locations.cs;783693804;2;1685040284;|21776|197601
function_level_description.cs;4198056593;1;1685040284;|20314|134130
function_level_security.cs;1722418084;1;1685040284;|20315|134131
hb_setup.cs;543820733;6;1685040284;|20316|197602
inventory_item.cs;533758676;3;1685040284;|20317|243083
inventory_reason.cs;506852188;1;1685040284;|20318|134134
load_dtl.cs;599129504;4;1685040284;|20319|235418
load_dtl_bay.cs;450338918;1;1685040284;|25924|152159
p_all_produced_coils.cs;2449051563;6;1685040285;|20320|231108
p_app_settings.cs;2117898929;2;1685040285;|30010|201282
p_application_login.cs;337497030;1;1685040285;|20321|134137
p_application_security.cs;2371639126;4;1685040285;|20322|199007
p_application_settings.cs;3644462525;2;1685040285;|42861|201400
p_applications.cs;2732328383;1;1685040285;|20323|134139
p_carrier.cs;3644494372;1;1685040285;|20324|134140
p_claim_reason.cs;2254194928;1;1685040285;|20325|134141
p_coil.cs;2922999730;3;1685040285;|20326|231109
p_coil_audit_trail.cs;3162200281;6;1685040285;|20327|179598
p_coil_defect.cs;249727344;1;1685040285;|20328|134144
p_coil_reauthorization.cs;4059073408;1;1685040285;|29922|167214
p_coil_status.cs;2486636216;2;1685040285;|20329|231110
p_coil_yard_bays.cs;2515989689;2;1685040285;|21777|138285
p_coil_yard_columns.cs;2490796242;3;1685040285;|20330|137927
p_coil_yard_locations.cs;3293148259;5;1685040285;|20331|199166
p_coil_yard_rows.cs;3139714223;3;1685040285;|20332|138286
p_customer_order_line_item.cs;1871455026;1;1685040285;|20333|134149
p_customer_ship_to.cs;2286917042;4;1685040285;|20334|204306
p_from_freight_locations.cs;2688104335;1;1685040285;|21778|136813
p_function_level_security.cs;1829094594;2;1685040285;|20335|219432
p_inventory_item.cs;2832378610;2;1685040285;|20336|140269
p_inventory_reason.cs;1100059448;1;1685040285;|20337|134153
p_load_dtl.cs;4027118411;13;1685040285;|20338|262345
p_packaging_type.cs;2864912479;1;1685040285;|20339|134155
p_paint_inventory.cs;3755136548;4;1685040285;|20340|197603
p_paint_location.cs;556813505;2;1685040285;|20341|185410
p_paint_receiver_header.cs;3381553665;2;1685040285;|37802|197604
p_printer.cs;3226652743;1;1685040285;|20342|134158
p_printer_queue.cs;2188402268;1;1685040285;|20343|134159
p_product_processors.cs;2489854688;1;1685040285;|20344|134160
p_product_type.cs;1340710488;1;1685040286;|20345|134161
p_rail_car_brand.cs;2278545902;2;1685040286;|20346|231111
p_rail_cars.cs;100404074;3;1685040286;|20347|231112
p_ref_sys_param.cs;2520499124;3;1685040286;|20348|153219
p_scanware_hold_coil_email.cs;1896965539;2;1685040286;|20349|163882
p_scanware_loads_ship_after_12.cs;3664332489;1;1685040286;|37616|183288
p_scanware_shipping_loads.cs;3054304102;1;1685040286;|37914|187808
p_shipment_load.cs;78041733;28;1685040286;|20350|262346
p_shipment_load_images.cs;2977444119;1;1685040286;|20351|134167
p_shipment_load_signature.cs;2704779728;2;1685040286;|20352|202188
p_sw_op_coil_validate.cs;316997382;1;1685040286;|29923|167215
p_sw_paint_log.cs;295718521;1;1685040286;|20353|134169
p_sw_paint_receiving.cs;1044596367;6;1685040286;|20354|212522
p_user_defaults.cs;488270148;2;1685040286;|20355|138288
p_user_info.cs;4050048880;1;1685040286;|20356|134172
p_v_apc_images.cs;453244340;1;1685040286;|20357|134173
p_v_shipment_load_images.cs;2256426794;1;1685040286;|20358|134174
p_v_sw_load_details.cs;2664114263;2;1685040286;|26464|160870
p_v_sw_print_rail_loads.cs;4025147341;1;1685040286;|20359|134175
p_v_zebra_template_coil.cs;4265451413;2;1685040286;|20360|137929
p_v_zebra_template_load_card.cs;1791083353;2;1685040286;|20361|204308
p_v_zebra_template_paint_location.cs;875870928;1;1685040286;|20362|134178
p_vw_sw_inbound_op_coils.cs;3397779024;4;1685040286;|20363|163883
p_vw_sw_outbound_op_coils.cs;3382765755;2;1685040286;|20364|136510
p_vw_sw_packaging.cs;4042601273;1;1685040286;|20365|134181
p_vw_sw_pre_check_loads.cs;3077372197;1;1685040286;|29709|162539
p_vw_sw_produced_coils.cs;2428477311;1;1685040286;|20366|134182
p_vw_sw_scheduled_coils.cs;91275511;1;1685040286;|20367|134183
p_warehoused_inventory.cs;4133501202;1;1685040286;|49791|219406
p_warehoused_load_dtl.cs;2038705609;1;1685040286;|49792|219407
p_warehoused_shipment_load.cs;2947735848;2;1685040286;|49793|262347
p_zebra_template.cs;2236223496;2;1685040287;|20368|137930
p_zinc_tracking.cs;3237963080;1;1685040287;|37705|184112
packaging_type.cs;2659511318;4;1685040287;|20369|243084
paint_coils_images.cs;674067970;1;1685040287;|37803|185442
paint_inventory.cs;3647862614;4;1685040287;|20370|197606
paint_location.cs;3535883762;1;1685040287;|20371|134187
paint_receiver_header.cs;3664619811;1;1685040287;|37804|185443
paint_type.cs;2737616719;3;1685040287;|20372|202189
printer.cs;3296119447;1;1685040287;|20373|134189
printer_queue.cs;1303548552;1;1685040287;|20374|134190
product_processors.cs;1556880053;5;1685040287;|20375|219434
product_type.cs;365691903;5;1685040287;|20376|235419
rail_car_brand.cs;2854880179;2;1685040287;|20377|231114
rail_cars.cs;1108245106;2;1685040287;|20378|231115
ref_sys_param.cs;3396621090;14;1685040287;|20379|235420
scanware_hold_coil_email.cs;3835225936;1;1685040287;|20380|134196
scanware_loads_ship_after_12.cs;1983262080;1;1685040287;|37617|183289
scanware_shipping_loads.cs;3752759837;1;1685040287;|22800|143672
sdi_galv_sched_Result.cs;3535431610;2;1685040287;|22801|153764
sdi_temper_mill_sched_Result.cs;4261997782;1;1685040287;|22802|143674
sdipdb.Context.cs;1353672132;23;1685040287;|20381|235421
sdipdb.Context.tt;483403460;1;1685040287;|20382|134198
sdipdb.cs;371914662;1;1685040287;|20384|134200
sdipdb.Designer.cs;865219019;18;1685040287;|20383|243085
sdipdb.edmx;2769761895;31;1685040288;|20385|243086
sdipdb.edmx.diagram;3573998399;20;1685040288;|20386|219438
sdipdb.tt;2095786134;1;1685040288;|20387|134203
shipment_load.cs;1606002243;5;1685040288;|20388|212527
shipment_load_images.cs;3720570280;1;1685040288;|20389|134205
shipment_load_signature.cs;1202443984;1;1685040288;|20390|134206
state.cs;707578284;1;1685040288;|42899|201929
sw_op_coil_validate.cs;1231416870;1;1685040289;|29924|167216
sw_paint_log.cs;3816386385;1;1685040289;|20391|134207
sw_paint_receiving.cs;4136502650;1;1685040289;|20392|134208
to_freight_locations.cs;947281682;1;1685040289;|42900|201930
user_defaults.cs;2246296925;1;1685040289;|20393|134209
user_info.cs;1084108516;3;1685040289;|20394|219439
usp.cs;884723335;14;1685040289;|20395|262348
usp_scanware_coil_alias_get_Result.cs;385883017;1;1685040289;|42616|199355
usp_scanware_NoOrderCoilTag_get_Result.cs;2843650180;1;1685040289;|42617|199356
usp_sw_update_status_after_move_Result.cs;4204835718;1;1685040289;|20396|134212
v_apc_images.cs;896440565;1;1685040289;|20397|134213
v_paint_coils_images.cs;879966845;1;1685040289;|37805|185444
v_shipment_load_images.cs;811463121;1;1685040289;|20398|134214
v_sw_load_details.cs;1869169901;1;1685040289;|26465|157571
v_sw_print_rail_loads.cs;2808577235;1;1685040289;|20399|134215
v_zebra_template_coil.cs;3352895078;1;1685040289;|20400|134216
v_zebra_template_load_card.cs;4136692969;1;1685040289;|20401|134217
v_zebra_template_paint_location.cs;4114392897;1;1685040289;|20402|134218
vw_shipping_schedule_334.cs;1845614686;2;1685040289;|22803|153770
vw_sw_coil_history.cs;2675137884;1;1685040289;|20403|134219
vw_sw_inbound_op_coils.cs;3420977820;2;1685040289;|20404|163887
vw_sw_outbound_op_coils.cs;1738202526;3;1685040289;|20405|203590
vw_sw_packaging.cs;2674264653;4;1685040289;|20406|199809
vw_sw_pre_check_loads.cs;1313634867;1;1685040289;|29710|162540
vw_sw_produced_coils.cs;2019695186;2;1685040289;|20407|185472
vw_sw_scheduled_coils.cs;819248542;2;1685040289;|20408|136514
warehoused_coil_product_data.cs;1532947714;1;1685040289;|49794|219409
warehoused_inventory.cs;2183977355;1;1685040289;|49795|219410
warehoused_load_dtl.cs;1851806853;1;1685040289;|49796|219411
warehoused_shipment_load.cs;3019278400;1;1685040289;|49797|219412
zebra_template.cs;1273489337;3;1685040289;|20409|201290
zinc_tracking.cs;1500588117;1;1685040293;|37706|184113
