SCMBranch=Butler
SCMRepository=Butler/Microsoft/Web/Scanware/Scanware/Content/themes/base/images
SCMMainlineUUID={13f5ad7f-02f0-4f00-a01b-115010754340}
SCMBranchRepositoryID=1990
ui-bg_flat_0_aaaaaa_40x100.png;3452200092;1;1685040281;|20248|134064
ui-bg_flat_75_ffffff_40x100.png;1864341593;1;1685040281;|20249|134065
ui-bg_glass_55_fbf9ee_1x400.png;1547371506;1;1685040281;|20250|134066
ui-bg_glass_65_ffffff_1x400.png;3053628305;1;1685040281;|20251|134067
ui-bg_glass_75_dadada_1x400.png;2279278770;1;1685040281;|20252|134068
ui-bg_glass_75_e6e6e6_1x400.png;1848444072;1;1685040281;|20253|134069
ui-bg_glass_95_fef1ec_1x400.png;2750506398;1;1685040281;|20254|134070
ui-bg_highlight-soft_75_cccccc_1x100.png;55138348;1;1685040281;|20255|134071
ui-icons_222222_256x240.png;49182804;1;1685040281;|20256|134072
ui-icons_2e83ff_256x240.png;3146408188;1;1685040281;|20257|134073
ui-icons_454545_256x240.png;1854247390;1;1685040281;|20258|134074
ui-icons_888888_256x240.png;2565386753;1;1685040281;|20259|134075
ui-icons_cd0a0a_256x240.png;405696670;1;1685040281;|20260|134076
