SCMBranch=Butler
SCMRepository=Butler/Microsoft/Web/Scanware/Scanware/Controllers
SCMMainlineUUID={13f5ad7f-02f0-4f00-a01b-115010754340}
SCMBranchRepositoryID=1993
AccountController.cs;3692985399;9;1685040282;|20287|231103
AdminController.cs;3579447223;2;1685040282;|20288|231104
CoilController.cs;1122822660;32;1685040283;|20289|232320
CoilControllerUtils.cs;2527047523;4;1685040283;|42862|231106
HomeController.cs;1009192936;7;1685040283;|20290|204452
InventoryController.cs;1420237833;9;1685040283;|22804|219426
KioskController.cs;3537449746;2;1685040283;|42901|202182
PaintController.cs;3543530352;5;1685040283;|20291|200616
ShippingController.cs;1818053561;64;1685040283;|20292|264088
WarehouseController.cs;3503124444;2;1685040283;|49790|232547
ZincController.cs;2346450491;1;1685040283;|37702|184109
