SCMBranch=Butler
SCMRepository=Butler/Microsoft/Web/Scanware/Scanware/Content
SCMMainlineUUID={13f5ad7f-02f0-4f00-a01b-115010754340}
SCMBranchRepositoryID=1987
bootstrap-datepicker.css;725620327;1;1685040275;|20195|134011
bootstrap-datetimepicker.css;1536471452;1;1685040275;|20196|134012
bootstrap-social.css;2602590166;1;1685040275;|20197|134013
bootstrap-theme.css;203156244;1;1685040275;|20198|134014
bootstrap-theme.css.map;4277639358;1;1685040275;|20199|134015
bootstrap-theme.min.css;2933798798;1;1685040275;|20200|134016
bootstrap-theme.min.css.map;2054447180;1;1685040275;|20201|134017
bootstrap.css;321065143;1;1685040276;|20202|134018
bootstrap.css.map;1493697811;1;1685040277;|20203|134019
bootstrap.min.css;3402670977;1;1685040277;|20204|134020
bootstrap.min.css.map;946690284;1;1685040279;|20205|134021
chosen.css;267391783;1;1685040279;|20206|134022
dataTables.bootstrap.css;2547644061;1;1685040279;|20207|134023
dataTables.bootstrap.min.css;2931462463;1;1685040279;|20208|134024
dataTables.bootstrap4.css;2721051959;1;1685040279;|20209|134025
dataTables.bootstrap4.min.css;3602041252;1;1685040280;|20210|134026
dataTables.foundation.css;1537691717;1;1685040280;|20211|134027
dataTables.foundation.min.css;4206867649;1;1685040280;|20212|134028
dataTables.jqueryui.css;1515345711;1;1685040280;|20213|134029
dataTables.jqueryui.min.css;4252020705;1;1685040280;|20214|134030
dataTables.material.css;306962398;1;1685040280;|20215|134031
dataTables.material.min.css;2299511834;1;1685040280;|20216|134032
dataTables.responsive.css;345038959;1;1685040280;|20217|134033
dataTables.semanticui.css;265807022;1;1685040280;|20218|134034
dataTables.semanticui.min.css;837405697;1;1685040280;|20219|134035
dataTables.uikit.css;2127183646;1;1685040280;|20220|134036
dataTables.uikit.min.css;3233592341;1;1685040280;|20221|134037
font-awesome.css;1376528254;1;1685040280;|20222|134038
font-awesome.css.map;3750040804;1;1685040280;|20223|134039
font-awesome.min.css;280355449;1;1685040280;|20224|134040
jquery.dataTables.css;546040208;1;1685040280;|20225|134041
jquery.dataTables.min.css;1337835045;1;1685040280;|20226|134042
jquery.dataTables_themeroller.css;1413909125;1;1685040280;|20227|134043
metisMenu.css;154463459;1;1685040280;|20228|134044
metisMenu.min.css;3858736657;1;1685040280;|20229|134045
sb-admin-2.css;3738000113;2;1685040280;|20230|137925
sb-admin-2.min.css;207596374;1;1685040280;|20231|134047
scanner.css;2052798607;1;1685040280;|20232|134048
Site.css;2803964418;4;1685040280;|20194|203579
