SCMBranch=Butler
SCMRepository=Butler/Microsoft/Web/Scanware/Scanware
SCMMainlineUUID={13f5ad7f-02f0-4f00-a01b-115010754340}
SCMBranchRepositoryID=1892
blank.html;2384857626;5;1685040237;|19572|133998
ClassDiagram1.cd;3065506530;5;1685040237;|19562|133988
ClassDiagram11.cd;404928165;5;1685040237;|19563|133989
ClassDiagram2.cd;404928165;1;1685040237;|26016|153802
favicon.ico;732478157;5;1685040237;|19573|133999
Global.asax;1762691220;5;1685040237;|19564|133990
Global.asax.cs;3198100876;6;1685040238;|19565|199797
packages.config;3068193401;5;1685040238;|19574|134000
readme.txt;1879018738;5;1685040238;|19575|134001
Rollback.txt;4248603122;1;1685040238;|26017|153803
Scanware.csproj;417009525;39;1685040238;|19566|236260
Scanware.csproj.vspscc;1359561909;5;1685040238;|19568|133994
SDI label specification document.pdf;1928197163;1;1685040238;|41806|195382
Settings.cs;997893087;1;1685040238;|26018|153804
shipping_schedule_334.cs;1226707559;1;1685040238;|22807|143679
Web.Debug.config;1818259445;5;1685040238;|19569|133995
Web.Release.config;2422259092;5;1685040238;|19570|133996
Scanware.csproj.user;1787669064;32;1686591692;|19567|265419
Web.config;1382679483;91;1686591692;|19571|265420
