SCMBranch=Butler
SCMRepository=Butler/Microsoft/Web/Scanware/Scanware/Scripts
SCMMainlineUUID={13f5ad7f-02f0-4f00-a01b-115010754340}
SCMBranchRepositoryID=2000
_references.js;835024801;1;1685040371;|20452|134268
bootstrap-datepicker.min.js;3364333463;1;1685040371;|20453|134269
bootstrap-datetimepicker.js;2640156801;1;1685040372;|20454|134270
bootstrap.js;2676624707;1;1685040372;|20455|134271
bootstrap.min.js;1358983396;1;1685040373;|20456|134272
chosen.jquery.min.js;487819894;1;1685040381;|20457|134273
dataTables.bootstrap.js;1423005250;1;1685040381;|20458|134274
dataTables.bootstrap.min.js;3074151951;1;1685040381;|20459|134275
dataTables.bootstrap4.js;2753776034;1;1685040381;|20460|134276
dataTables.bootstrap4.min.js;397832818;1;1685040381;|20461|134277
dataTables.foundation.js;4094018243;1;1685040381;|20462|134278
dataTables.foundation.min.js;1664486338;1;1685040381;|20463|134279
dataTables.jqueryui.js;1639821814;1;1685040381;|20464|134280
dataTables.jqueryui.min.js;591517403;1;1685040381;|20465|134281
dataTables.material.js;755116714;1;1685040381;|20466|134282
dataTables.material.min.js;2934241058;1;1685040381;|20467|134283
dataTables.responsive.js;335045090;1;1685040381;|20468|134284
dataTables.semanticui.js;1662738799;1;1685040381;|20469|134285
dataTables.semanticui.min.js;1526362977;1;1685040381;|20470|134286
dataTables.uikit.js;2906630357;1;1685040381;|20471|134287
dataTables.uikit.min.js;3799489613;1;1685040381;|20472|134288
ebapi-modules.js;3520189667;1;1685040381;|20473|134289
excanvas.js;1941681935;1;1685040382;|20474|134290
excanvas.min.js;3782295610;1;1685040382;|20475|134291
flot-data.js;654410239;1;1685040382;|20476|134292
init.js;231596839;1;1685040382;|20477|134293
jquery-1.7.1.intellisense.js;2657512039;1;1685040382;|20478|134294
jquery-1.7.1.js;3234199728;1;1685040383;|20479|134295
jquery-1.7.1.min.js;3205931685;1;1685040383;|20480|134296
jquery-1.9.1.intellisense.js;97830295;1;1685040383;|20481|134297
jquery-1.9.1.js;1306134423;1;1685040384;|20482|134298
jquery-1.9.1.min.js;3982313496;1;1685040384;|20483|134299
jquery-1.9.1.min.map;1058803573;1;1685040384;|20484|134300
jquery-ui-1.8.20.js;2339101353;1;1685040385;|20485|134301
jquery-ui-1.8.20.min.js;2979367961;1;1685040385;|20486|134302
jquery.colorhelpers.js;1075044249;1;1685040385;|20487|134303
jquery.dataTables.js;3676208892;1;1685040393;|20488|134304
jquery.dataTables.min.js;1805390668;1;1685040393;|20489|134305
jquery.flot.canvas.js;2601967743;1;1685040393;|20490|134306
jquery.flot.categories.js;4077521738;1;1685040393;|20491|134307
jquery.flot.crosshair.js;1821947342;1;1685040393;|20492|134308
jquery.flot.tooltip.js;1961968046;1;1685040393;|20493|134309
jquery.flot.tooltip.min.js;724843387;1;1685040393;|20494|134310
jquery.flot.tooltip.source.js;502607427;1;1685040393;|20495|134311
jquery.js;57265077;1;1685040393;|20496|134312
jquery.mask.js;884586991;1;1685040393;|20497|134313
jquery.min.js;2613788795;1;1685040394;|20498|134314
jquery.multisortable.js;2140070991;1;1685040394;|20499|134315
jquery.unobtrusive-ajax.js;662072033;1;1685040394;|20500|134316
jquery.unobtrusive-ajax.min.js;1118345919;2;1685040394;|20501|155706
jquery.validate-vsdoc.js;1954502507;1;1685040394;|20502|134318
jquery.validate.js;2504300975;1;1685040394;|20503|134319
jquery.validate.min.js;2200750773;1;1685040394;|20504|134320
jquery.validate.unobtrusive.js;3507850959;1;1685040394;|20505|134321
jquery.validate.unobtrusive.min.js;3693370249;1;1685040394;|20506|134322
js.cookie.js;2285266872;1;1685040394;|20507|134323
Kiosk.js;2020027721;2;1685040394;|42890|202222
knockout-2.1.0.debug.js;2058748129;1;1685040394;|20508|134324
knockout-2.1.0.js;2721098768;1;1685040394;|20509|134325
metisMenu.js;2878174084;1;1685040394;|20510|134326
metisMenu.min.js;2037875211;1;1685040394;|20511|134327
modernizr-2.5.3.js;2121554036;1;1685040394;|20512|134328
moment.js;2588166637;1;1685040395;|20513|134329
morris-data.js;1651273365;1;1685040395;|20514|134330
sb-admin-2.min.js;3887847204;1;1685040395;|20515|134331
sb-admin-3.js;2429511281;1;1685040395;|20516|134332
signature_pad.js;414959485;1;1685040395;|20517|134333
signature_pad.min.js;389555729;1;1685040396;|20518|134334
SignaturePadInit.js;2155060292;1;1685040396;|20450|134266
SigWeb.js;1971674931;1;1685040396;|43130|203925
SigWebTablet.js;1356708940;1;1685040396;|43131|203926
Sortable.min.js;1719506113;1;1685040396;|20451|134267
time_scripts.js;878606525;1;1685040396;|20519|134335
