SCMBranch=Butler
SCMRepository=Butler/Microsoft/Web/Scanware/Scanware/Images
SCMMainlineUUID={13f5ad7f-02f0-4f00-a01b-115010754340}
SCMBranchRepositoryID=1996
accent.png;1733376189;1;1685040296;|20414|134230
bullet.png;1278388926;1;1685040296;|20415|134231
favicon.ico;3716276848;1;1685040296;|20416|134232
favicon_sdi.ico;3633645265;1;1685040296;|20417|134233
GCNyjJY.gif;857254820;1;1685040298;|20411|134227
heroAccent.png;3779317737;1;1685040298;|20418|134234
orderedList0.png;4180464703;1;1685040298;|20419|134235
orderedList1.png;1064765992;1;1685040298;|20420|134236
orderedList2.png;3651132368;1;1685040298;|20421|134237
orderedList3.png;942056208;1;1685040298;|20422|134238
orderedList4.png;2398055589;1;1685040298;|20423|134239
orderedList5.png;486220613;1;1685040298;|20424|134240
orderedList6.png;2475604284;1;1685040298;|20425|134241
orderedList7.png;3320776947;1;1685040298;|20426|134242
orderedList8.png;1454142012;1;1685040298;|20427|134243
orderedList9.png;341986462;1;1685040298;|20428|134244
SDILogo_small.png;1057556;1;1685040298;|20412|134228
sort_asc.png;1367991902;1;1685040298;|20429|134245
sort_asc_disabled.png;2806579485;1;1685040299;|20430|134246
sort_both.png;4276685729;1;1685040299;|20431|134247
sort_desc.png;3848887524;1;1685040299;|20432|134248
sort_desc_disabled.png;2464298995;1;1685040299;|20433|134249
Sorting icons.psd;3949788819;1;1685040299;|20413|134229
spinny_thing.gif;642901587;1;1685040299;|29863|164857
wait.gif;3205118229;1;1685040300;|20434|134250
